-0.578276 -3.00735
-0.578276 -3.00735
-0.578276 -3.00735
-0.578276 -3.00735
-0.578276 -3.00735
-0.578276 -3.00735
-0.578276 -3.00735
-0.578276 -3.00735
-0.578276 -3.00735
-0.578276 -3.00735
-0.578276 -3.00735
-0.578276 -3.00735
-0.578276 -3.00735
-0.578276 -3.00735
-0.578276 -3.00735
-0.578276 -3.00735
-0.578276 -3.00735
-0.578276 -3.00735
-0.578276 -3.00735
-0.578276 -3.00735
-0.578276 -3.00735
-0.578276 -3.00735
-0.578276 -3.00735
-0.578276 -3.00735
-0.578276 -3.00735
-0.578276 -3.00735
-0.578276 -3.00735
-0.578276 -3.00735
-0.578276 -3.00735
-0.578276 -3.00735
-0.578276 -3.00735
-0.578276 -3.00735
-0.578276 -3.00735
-0.578276 -3.00735
-0.578276 -3.00735
-0.578276 -3.00735
-0.578276 -3.00735
-0.578276 -3.00735
-0.578276 -3.00735
-0.578276 -3.00735
-0.578276 -3.00735
-0.578276 -3.00735
-0.578276 -3.00735
-0.578276 -3.00735
-0.578276 -3.00735
-0.578276 -3.00735
-0.578276 -3.00735
-0.578276 -3.00735
-0.578276 -3.00735
-0.578276 -3.00735
-0.578276 -3.00735
-0.578276 -3.00735
-0.578276 -3.00735
-0.578276 -3.00735
-0.578276 -3.00735
-0.578276 -3.00735
-0.578276 -3.00735
-0.578276 -3.00735
-0.578276 -3.00735
-0.578276 -3.00735
-0.578276 -3.00735
-0.578276 -3.00735
0.0336435 0.017175
0.0449179 0.0258743
0.0449179 0.0258743
0.0338232 0.0260977
0.0338232 0.0260977
0.0449179 0.0258743
0.0449179 0.0258743
0.0449179 0.0258743
0.0449179 0.0258743
0.0338232 0.0260977
0.0338232 0.0260976
0.0227285 0.0263211
0.0227285 0.026321
0.0227285 0.026321
0.0227285 0.026321
0.0227284 0.026321
0.0225488 0.0173984
0.0338232 0.0260976
0.0338232 0.0260976
0.0338232 0.0260976
0.0338232 0.0260976
0.0340028 0.0350202
0.0340028 0.0350202
0.0340028 0.0350202
0.0340028 0.0350202
0.0341825 0.0439428
0.0341825 0.0439428
0.0452772 0.0437194
0.0452772 0.0437194
0.0341825 0.0439428
0.0341825 0.0439428
-0.0323858 0.0452832
-0.0323859 0.0452832
-0.0323859 0.0452832
-0.0989542 0.0466236
-0.0989543 0.0466236
-0.143333 0.0475172
-0.187712 0.0484108
-0.187712 0.0484108
-0.187712 0.0484108
-0.232091 0.0493044
-0.298839 0.0417222
-0.298839 0.0417222
-0.365407 0.0430626
-0.365407 0.0430626
-0.432156 0.0354804
-0.432156 0.0354804
-0.46544 0.0361506
-0.46544 0.0361506
-0.509819 0.0370442
-0.509819 0.0370442
-0.587482 0.038608
-0.587482 0.038608
-0.587482 0.038608
-0.65405 0.0399484
-0.65405 0.0399484
-0.731534 0.0504348
-0.809376 0.043076
-0.809376 0.043076
-0.887039 0.0446397
-0.887039 0.0446397
-0.997987 0.0468737
-0.997987 0.0468737
-1.10929 0.0312625
-1.10929 0.0312625
-1.20879 0.0511183
-1.20879 0.0511183
-1.28663 0.0437595
-1.28663 0.0437595
-1.3532 0.0450999
-1.3532 0.0450999
-1.41977 0.0464403
-1.41977 0.0464403
-1.49725 0.0569267
-1.49725 0.0569267
-1.57509 0.0495679
-1.57509 0.0495679
-1.67495 0.0515785
-1.67495 0.0515785
-1.67495 0.0515785
-1.7637 0.0533657
-1.85246 0.0551529
-1.85246 0.0551529
-1.9303 0.047794
-1.9303 0.047794
-2.00797 0.0493578
-2.00797 0.0493578
-2.108 0.0424458
-2.108 0.0424458
-2.20821 0.0266112
-2.20821 0.0266112
-2.31916 0.0288452
-2.31916 0.0288452
-2.31916 0.0288452
-2.43011 0.0310792
-2.43011 0.0310792
-2.51886 0.0328664
-2.60762 0.0346535
-2.60762 0.0346535
-2.60762 0.0346535
-2.70747 0.0366641
-2.78514 0.0382279
-2.78514 0.0382279
-2.87407 0.0310925
-2.87407 0.0310925
-2.97393 0.0331031
-2.97393 0.0331031
-3.07396 0.0261911
-3.07396 0.0261911
-3.16254 0.0369009
-3.16254 0.0369009
-3.25147 0.0297655
-3.25147 0.0297655
-3.25147 0.0297655
-3.32914 0.0313293
-3.32914 0.0313293
-3.41772 0.0420391
-3.51757 0.0440496
-3.51757 0.0440496
-3.51757 0.0440496
-3.60633 0.0458368
-3.60633 0.0458368
-3.68399 0.0474006
-3.77293 0.0402652
-3.77293 0.0402652
-3.86186 0.0331298
-3.86186 0.0331298
-3.9508 0.0259944
-3.9508 0.0259944
-4.03956 0.0277816
-4.03956 0.0277816
-4.11722 0.0293453
-4.11722 0.0293453
-4.11722 0.0293454
-4.19489 0.0309091
-4.29456 0.0418423
-4.29456 0.0418423
-4.37186 0.0612513
-4.37186 0.0612514
-4.37186 0.0612514
-4.43825 0.0715144
-4.43825 0.0715144
-4.43825 0.0715144
-4.43825 0.0715144
-4.43825 0.0715144
-4.43825 0.0715144
-4.43825 0.0715144
-4.43825 0.0715144
-4.43825 0.0715144
-4.43825 0.0715144
-4.43825 0.0715144
-4.43825 0.0715144
-4.43825 0.0715144
-4.43825 0.0715144
-4.43825 0.0715144
-4.43825 0.0715144
-4.43825 0.0715144
-4.43825 0.0715144
-4.43825 0.0715144
-4.43825 0.0715144
-4.43825 0.0715144
-4.43825 0.0715144
-4.43825 0.0715144
-4.43825 0.0715144
-4.43825 0.0715144
-4.43825 0.0715144
-4.43825 0.0715144
-4.43825 0.0715144
-4.43825 0.0715144
-4.43825 0.0715144
-4.43825 0.0715144
-4.43825 0.0715144
-4.43825 0.0715144
